       850.00       461.00       604.00          811          760       278.00       544.00       823.50          398          849
       706.83          599          400       556.80       753.00       261.95       891.00       207.00       797.70       715.00
       854.92          968          209       588.00          489       439.20       663.00       553.00        78.27       345.00
       950.00          524       864.08       365.30           38          240          421          586       882.01          711
        36.94        87.40       500.00        65.00       595.00       151.60       796.00       259.20          463       608.50
       628.00          167          884       804.17       650.00       560.00          370       700.00       391.00       454.00
       604.94          604        93.17       339.00       343.00           23          805          793       822.00       153.00
       232.60       963.00          166       491.00       830.88       437.55       308.00        83.70       666.00       990.77
       902.99          893       520.00       707.00       753.00       806.00       752.00       985.22       236.00       759.40
       419.00       920.20       232.67          500       138.40       565.00           59       479.39       217.00       573.00
