       850       461       604       811       760       278       544       824       398       849
       707       599       400       557       753       262       891       207       798       715
       855       968       209       588       489       439       663       553        78       345
       950       524       864       365        38       240       421       586       882       711
        37        87       500        65       595       152       796       259       463       609
       628       167       884       804       650       560       370       700       391       454
       605       604        93       339       343        23       805       793       822       153
       233       963       166       491       831       438       308        84       666       991
       903       893       520       707       753       806       752       985       236       759
       419       920       233       500       138       565        59       479       217       573
