850.000   461.000   604.000   811       760       278.0     544.00    823.5     398       849    
706.826   599       400       556.801   753.000   261.95    891.0     207.00    797.7     715.000
854.916   968       209       588.00    489       439.2     663.000   553.0      78.268   345.000
950.00    524       864.08    365.3      38       240       421       586       882.010   711    
 36.94     87.40    500.000    65.0     595.00    151.596   796.00    259.2     463       608.5  
628.000   167       884       804.171   650.000   560.00    370       700.0     391.000   454.00 
604.94    604        93.172   339.000   343.0      23       805       793       822.0     153.000
232.6     963.0     166       491.000   830.88    437.55    308.00     83.7     666.0     990.767
902.99    893       520.000   707.00    753.0     806.0     752.0     985.22    236.00    759.4  
419.000   920.2     232.665   500       138.4     565.0      59       479.390   217.0     573.000
