300   361   815   825   503   848   733   553   542   451
222   539   625   503   965   888   163   427     2   914
644   309   288   953   997    90   998    65   962   897
 85   111   968   996   605   710    13   872   275   574
 45   949   800   726   354   425   454    90   459   744
406   961     4   202   308   864   159   163   628   279
 24   426   250   750   532   210   816   876   363   265
328   673   357   617   499   827   937   443   368   313
 24   573   653   901   970   117   377    36   987   729
229   606   580   991   194    74   486   433   927   504
